[gd_scene load_steps=54 format=3 uid="uid://cfvb2sym7u51p"]

[ext_resource type="PackedScene" uid="uid://csobkn11f0jo5" path="res://Assets/character.fbx" id="1_md7x2"]

[sub_resource type="CapsuleShape3D" id="CapsuleShape3D_roxm0"]
radius = 0.0101192
height = 0.101192

[sub_resource type="CapsuleShape3D" id="CapsuleShape3D_p4urp"]
radius = 0.0118057
height = 0.118057

[sub_resource type="CapsuleShape3D" id="CapsuleShape3D_1rt8y"]
radius = 0.0134923
height = 0.134923

[sub_resource type="CapsuleShape3D" id="CapsuleShape3D_0w1vm"]
radius = 0.0151788
height = 0.151788

[sub_resource type="CapsuleShape3D" id="CapsuleShape3D_70sfp"]
radius = 0.00678129
height = 0.0678129

[sub_resource type="CapsuleShape3D" id="CapsuleShape3D_1wl56"]
radius = 0.0211848
height = 0.211848

[sub_resource type="CapsuleShape3D" id="CapsuleShape3D_l74h0"]
radius = 0.0136672
height = 0.136672

[sub_resource type="CapsuleShape3D" id="CapsuleShape3D_pqtkw"]
radius = 0.0269422
height = 0.269422

[sub_resource type="CapsuleShape3D" id="CapsuleShape3D_ugti0"]
radius = 0.0231909
height = 0.231909

[sub_resource type="CapsuleShape3D" id="CapsuleShape3D_ftbih"]
radius = 0.00480464
height = 0.0480464

[sub_resource type="CapsuleShape3D" id="CapsuleShape3D_mwvv0"]
radius = 0.00384374
height = 0.0384374

[sub_resource type="CapsuleShape3D" id="CapsuleShape3D_qepbq"]
radius = 0.00366529
height = 0.0366529

[sub_resource type="CapsuleShape3D" id="CapsuleShape3D_2wtmu"]
radius = 0.00330824
height = 0.0330824

[sub_resource type="CapsuleShape3D" id="CapsuleShape3D_78way"]
radius = 0.00354026
height = 0.0354026

[sub_resource type="CapsuleShape3D" id="CapsuleShape3D_illtu"]
radius = 0.00315381
height = 0.0315381

[sub_resource type="CapsuleShape3D" id="CapsuleShape3D_bemew"]
radius = 0.00289113
height = 0.0289113

[sub_resource type="CapsuleShape3D" id="CapsuleShape3D_lgcyv"]
radius = 0.00364485
height = 0.0364485

[sub_resource type="CapsuleShape3D" id="CapsuleShape3D_hfvlh"]
radius = 0.00349999
height = 0.0349999

[sub_resource type="CapsuleShape3D" id="CapsuleShape3D_mdo6b"]
radius = 0.00336402
height = 0.0336402

[sub_resource type="CapsuleShape3D" id="CapsuleShape3D_e36il"]
radius = 0.00325206
height = 0.0325206

[sub_resource type="CapsuleShape3D" id="CapsuleShape3D_p0lk0"]
radius = 0.00304542
height = 0.0304542

[sub_resource type="CapsuleShape3D" id="CapsuleShape3D_h78ss"]
radius = 0.00286145
height = 0.0286145

[sub_resource type="CapsuleShape3D" id="CapsuleShape3D_yd7k0"]
radius = 0.00308689
height = 0.0308689

[sub_resource type="CapsuleShape3D" id="CapsuleShape3D_7vrkg"]
radius = 0.00256644
height = 0.0256644

[sub_resource type="CapsuleShape3D" id="CapsuleShape3D_iv4h0"]
radius = 0.0023908
height = 0.023908

[sub_resource type="CapsuleShape3D" id="CapsuleShape3D_sn1dy"]
radius = 0.0136672
height = 0.136672

[sub_resource type="CapsuleShape3D" id="CapsuleShape3D_xek1q"]
radius = 0.0269546
height = 0.269546

[sub_resource type="CapsuleShape3D" id="CapsuleShape3D_q7kfv"]
radius = 0.023198
height = 0.23198

[sub_resource type="CapsuleShape3D" id="CapsuleShape3D_jhv7y"]
radius = 0.00467523
height = 0.0467523

[sub_resource type="CapsuleShape3D" id="CapsuleShape3D_t7t0d"]
radius = 0.00374009
height = 0.0374009

[sub_resource type="CapsuleShape3D" id="CapsuleShape3D_jtuui"]
radius = 0.00368442
height = 0.0368442

[sub_resource type="CapsuleShape3D" id="CapsuleShape3D_0pqar"]
radius = 0.00331964
height = 0.0331964

[sub_resource type="CapsuleShape3D" id="CapsuleShape3D_rp714"]
radius = 0.00362313
height = 0.0362313

[sub_resource type="CapsuleShape3D" id="CapsuleShape3D_wa5pj"]
radius = 0.00326939
height = 0.0326939

[sub_resource type="CapsuleShape3D" id="CapsuleShape3D_qgs3x"]
radius = 0.00300941
height = 0.0300941

[sub_resource type="CapsuleShape3D" id="CapsuleShape3D_v5tqh"]
radius = 0.00356973
height = 0.0356973

[sub_resource type="CapsuleShape3D" id="CapsuleShape3D_ofyb1"]
radius = 0.00358215
height = 0.0358215

[sub_resource type="CapsuleShape3D" id="CapsuleShape3D_heau1"]
radius = 0.00343087
height = 0.0343087

[sub_resource type="CapsuleShape3D" id="CapsuleShape3D_08tuk"]
radius = 0.00315298
height = 0.0315298

[sub_resource type="CapsuleShape3D" id="CapsuleShape3D_e1f01"]
radius = 0.00305762
height = 0.0305762

[sub_resource type="CapsuleShape3D" id="CapsuleShape3D_7euqp"]
radius = 0.00277123
height = 0.0277123

[sub_resource type="CapsuleShape3D" id="CapsuleShape3D_g86ob"]
radius = 0.00307843
height = 0.0307843

[sub_resource type="CapsuleShape3D" id="CapsuleShape3D_euydo"]
radius = 0.00252566
height = 0.0252565

[sub_resource type="CapsuleShape3D" id="CapsuleShape3D_7xjx2"]
radius = 0.0023236
height = 0.023236

[sub_resource type="CapsuleShape3D" id="CapsuleShape3D_j1we5"]
radius = 0.0422629
height = 0.422629

[sub_resource type="CapsuleShape3D" id="CapsuleShape3D_v412i"]
radius = 0.0411949
height = 0.411949

[sub_resource type="CapsuleShape3D" id="CapsuleShape3D_ic4yr"]
radius = 0.0184564
height = 0.184564

[sub_resource type="CapsuleShape3D" id="CapsuleShape3D_kux81"]
radius = 0.00695605
height = 0.0695605

[sub_resource type="CapsuleShape3D" id="CapsuleShape3D_0ammt"]
radius = 0.0422772
height = 0.422772

[sub_resource type="CapsuleShape3D" id="CapsuleShape3D_icwgv"]
radius = 0.0411618
height = 0.411618

[sub_resource type="CapsuleShape3D" id="CapsuleShape3D_mb7i3"]
radius = 0.0182619
height = 0.182619

[sub_resource type="CapsuleShape3D" id="CapsuleShape3D_t2hl2"]
radius = 0.00687263
height = 0.0687263

[node name="character" instance=ExtResource("1_md7x2")]

[node name="Skeleton3D" parent="." index="0"]
bones/1/rotation = Quaternion(0.188026, 0, 0, 0.982164)
bones/1/scale = Vector3(1, 1, 1)
bones/4/rotation = Quaternion(-0.0887487, 0, 0, 0.996054)
bones/7/rotation = Quaternion(-0.556973, -0.42961, 0.57653, -0.415727)
bones/7/scale = Vector3(1, 1, 1)
bones/8/position = Vector3(0, 0, 0)
bones/8/rotation = Quaternion(-0.0243581, 0.0719919, 0.550462, 0.831394)
bones/8/scale = Vector3(1, 1, 1)
bones/9/position = Vector3(0.0164225, 0.283281, 0.0180231)
bones/9/rotation = Quaternion(0.322578, 0.0392039, 0.347661, 0.87951)
bones/9/scale = Vector3(1, 1, 1)
bones/10/rotation = Quaternion(0.304042, 0.474937, -0.0442832, 0.824641)
bones/10/scale = Vector3(1, 1, 1)
bones/55/rotation = Quaternion(-0.00105204, -0.0208174, 0.998509, -0.0504613)

[node name="PhysicalBoneSimulator3D" type="PhysicalBoneSimulator3D" parent="Skeleton3D" index="1"]

[node name="Physical Bone mixamorig_Hips" type="PhysicalBone3D" parent="Skeleton3D/PhysicalBoneSimulator3D" index="0"]
transform = Transform3D(1, 0, 0, 0, 0.110735, -0.99385, 0, 0.99385, 0.110735, -7.62939e-08, 1.03992, 0.0265952)
joint_offset = Transform3D(1, 0, 0, 0, 1, 0, 0, 0, 1, 0, -6.00703e-07, 0.0506002)
body_offset = Transform3D(1, 0, 0, 0, 0.110735, -0.99385, 0, 0.99385, 0.110735, 0, 0.0502891, -0.0056026)
bone_name = "mixamorig_Hips"

[node name="CollisionShape3D" type="CollisionShape3D" parent="Skeleton3D/PhysicalBoneSimulator3D/Physical Bone mixamorig_Hips" index="0"]
transform = Transform3D(1, 0, 0, 0, 0, 1, 0, -1, 0, 0, 0, 0)
shape = SubResource("CapsuleShape3D_roxm0")

[node name="Physical Bone mixamorig_Spine" type="PhysicalBone3D" parent="Skeleton3D/PhysicalBoneSimulator3D" index="1"]
transform = Transform3D(1, 0, 0, 0, -0.369345, -0.929293, 0, 0.929293, -0.369345, -7.62939e-08, 1.14506, 0.0428006)
joint_type = 1
joint_offset = Transform3D(1, 0, 0, 0, 1, 0, 0, 0, 1, 0, -3.01025e-06, 0.0590385)
body_offset = Transform3D(1, 0, 0, 0, 1.01328e-06, -1, 0, 1, 1.01328e-06, 0, 0.0590385, 2.95043e-06)
bone_name = "mixamorig_Spine"
joint_constraints/bias = 0.3
joint_constraints/damping = 1.0
joint_constraints/impulse_clamp = 0.0

[node name="CollisionShape3D" type="CollisionShape3D" parent="Skeleton3D/PhysicalBoneSimulator3D/Physical Bone mixamorig_Spine" index="0"]
transform = Transform3D(1, 0, 0, 0, 0, 1, 0, -1, 0, 0, 0, 0)
shape = SubResource("CapsuleShape3D_p4urp")

[node name="Physical Bone mixamorig_Spine1" type="PhysicalBone3D" parent="Skeleton3D/PhysicalBoneSimulator3D" index="2"]
transform = Transform3D(1, 0, 0, 0, -0.369345, -0.929292, 0, 0.929292, -0.369345, -7.62939e-08, 1.2626, 0.0895176)
joint_type = 1
joint_offset = Transform3D(1, 0, 0, 0, 1, 0, 0, 0, 1, 0, -1.83202e-06, 0.0674699)
body_offset = Transform3D(1, 0, 0, 0, 2.08616e-07, -1, 0, 1, 2.08616e-07, 0, 0.06747, 1.81794e-06)
bone_name = "mixamorig_Spine1"
joint_constraints/bias = 0.3
joint_constraints/damping = 1.0
joint_constraints/impulse_clamp = 0.0

[node name="CollisionShape3D" type="CollisionShape3D" parent="Skeleton3D/PhysicalBoneSimulator3D/Physical Bone mixamorig_Spine1" index="0"]
transform = Transform3D(1, 0, 0, 0, 0, 1, 0, -1, 0, 0, 0, 0)
shape = SubResource("CapsuleShape3D_1rt8y")

[node name="Physical Bone mixamorig_Spine2" type="PhysicalBone3D" parent="Skeleton3D/PhysicalBoneSimulator3D" index="3"]
transform = Transform3D(1, 0, 0, 0, -0.369345, -0.929292, 0, 0.929292, -0.369345, -7.62939e-08, 1.3958, 0.14245)
joint_type = 1
joint_offset = Transform3D(1, 0, 0, 0, 1, 0, 0, 0, 1, 0, 3.34998e-06, 0.0758735)
body_offset = Transform3D(1, 0, 0, 0, 6.25849e-07, -1, 0, 1, 6.25849e-07, 0, 0.0758735, -3.39746e-06)
bone_name = "mixamorig_Spine2"
joint_constraints/bias = 0.3
joint_constraints/damping = 1.0
joint_constraints/impulse_clamp = 0.0

[node name="CollisionShape3D" type="CollisionShape3D" parent="Skeleton3D/PhysicalBoneSimulator3D/Physical Bone mixamorig_Spine2" index="0"]
transform = Transform3D(1, 0, 0, 0, 0, 1, 0, -1, 0, 0, 0, 0)
shape = SubResource("CapsuleShape3D_0w1vm")

[node name="Physical Bone mixamorig_Neck" type="PhysicalBone3D" parent="Skeleton3D/PhysicalBoneSimulator3D" index="4"]
transform = Transform3D(-1, 0, 0, 0, 0.531549, -0.847028, 0, -0.847028, -0.531549, -7.62939e-08, 1.49186, 0.187864)
joint_type = 1
joint_offset = Transform3D(1, 0, 0, 0, 1, 0, 0, 0, 1, 0, 0.00115378, 0.030844)
body_offset = Transform3D(-1, 0, 0, 0, 0.352138, -0.935948, 0, -0.935948, -0.352138, 0, 0.0284621, 0.0119412)
bone_name = "mixamorig_Neck"
joint_constraints/bias = 0.3
joint_constraints/damping = 1.0
joint_constraints/impulse_clamp = 0.0

[node name="CollisionShape3D" type="CollisionShape3D" parent="Skeleton3D/PhysicalBoneSimulator3D/Physical Bone mixamorig_Neck" index="0"]
transform = Transform3D(1, 0, 0, 0, 0, 1, 0, -1, 0, 0, 0, 0)
shape = SubResource("CapsuleShape3D_70sfp")

[node name="Physical Bone mixamorig_Head" type="PhysicalBone3D" parent="Skeleton3D/PhysicalBoneSimulator3D" index="5"]
transform = Transform3D(-1, 0, 0, 0, 0.531549, -0.847028, 0, -0.847028, -0.531549, -7.62939e-08, 1.61336, 0.262793)
joint_type = 1
joint_offset = Transform3D(1, 0, 0, 0, 1, 0, 0, 0, 1, 0, 3.62284e-05, 0.105775)
body_offset = Transform3D(-1, 0, 0, 0, 0.352138, -0.935948, 0, -0.935948, -0.352138, 0, 0.0989872, 0.0372814)
bone_name = "mixamorig_Head"
joint_constraints/bias = 0.3
joint_constraints/damping = 1.0
joint_constraints/impulse_clamp = 0.0

[node name="CollisionShape3D" type="CollisionShape3D" parent="Skeleton3D/PhysicalBoneSimulator3D/Physical Bone mixamorig_Head" index="0"]
transform = Transform3D(1, 0, 0, 0, 0, 1, 0, -1, 0, 0, 0, 0)
shape = SubResource("CapsuleShape3D_1wl56")

[node name="Physical Bone mixamorig_LeftShoulder" type="PhysicalBone3D" parent="Skeleton3D/PhysicalBoneSimulator3D" index="6"]
transform = Transform3D(-0.0339001, -0.285023, -0.957921, 0.368395, -0.894545, 0.253128, -0.929051, -0.344312, 0.135326, 0.129456, 1.43115, 0.151742)
joint_type = 1
joint_offset = Transform3D(1, 0, 0, 0, 1, 0, 0, 0, 1, 5.49189e-05, -1.48486e-05, 0.0683536)
body_offset = Transform3D(1, 1.90735e-06, 2.27988e-06, 2.23517e-06, -7.22706e-07, -1, -1.90735e-06, 1, -7.6741e-07, -5.50747e-05, 0.0683537, 1.49012e-05)
bone_name = "mixamorig_LeftShoulder"
joint_constraints/bias = 0.3
joint_constraints/damping = 1.0
joint_constraints/impulse_clamp = 0.0

[node name="CollisionShape3D" type="CollisionShape3D" parent="Skeleton3D/PhysicalBoneSimulator3D/Physical Bone mixamorig_LeftShoulder" index="0"]
transform = Transform3D(1, 0, 0, 0, 0, 1, 0, -1, 0, 0, 0, 0)
shape = SubResource("CapsuleShape3D_l74h0")

[node name="Physical Bone mixamorig_LeftArm" type="PhysicalBone3D" parent="Skeleton3D/PhysicalBoneSimulator3D" index="7"]
transform = Transform3D(0.902182, -0.170152, -0.396378, 0.0416061, -0.880304, 0.472582, -0.429344, -0.442847, -0.787115, 0.117387, 1.38486, 0.266999)
joint_type = 1
joint_offset = Transform3D(1, 0, 0, 0, 1, 0, 0, 0, 1, -1.1918e-06, 4.43869e-05, 0.134712)
body_offset = Transform3D(1, 8.55327e-06, -6.97374e-06, -7.21216e-06, -3.8743e-06, -1, -8.55327e-06, 1, -3.8445e-06, 2.13087e-06, 0.134712, -4.3869e-05)
bone_name = "mixamorig_LeftArm"
joint_constraints/bias = 0.3
joint_constraints/damping = 1.0
joint_constraints/impulse_clamp = 0.0

[node name="CollisionShape3D" type="CollisionShape3D" parent="Skeleton3D/PhysicalBoneSimulator3D/Physical Bone mixamorig_LeftArm" index="0"]
transform = Transform3D(1, 0, 0, 0, 0, 1, 0, -1, 0, 0, 0, 0)
shape = SubResource("CapsuleShape3D_pqtkw")

[node name="Physical Bone mixamorig_LeftForeArm" type="PhysicalBone3D" parent="Skeleton3D/PhysicalBoneSimulator3D" index="8"]
transform = Transform3D(0.907311, -0.0837584, 0.412033, -0.406287, -0.426935, 0.807872, 0.108245, -0.900395, -0.421393, 0.140235, 1.20572, 0.417688)
joint_type = 1
joint_offset = Transform3D(1, 0, 0, 0, 1, 0, 0, 0, 1, -5.52765e-06, -7.43063e-05, 0.115959)
body_offset = Transform3D(1, 9.08971e-07, 2.17929e-06, 2.45124e-06, 5.84126e-06, -1, -1.02818e-06, 1, 5.99027e-06, 5.27501e-06, 0.115959, 7.36117e-05)
bone_name = "mixamorig_LeftForeArm"
joint_constraints/bias = 0.3
joint_constraints/damping = 1.0
joint_constraints/impulse_clamp = 0.0

[node name="CollisionShape3D" type="CollisionShape3D" parent="Skeleton3D/PhysicalBoneSimulator3D/Physical Bone mixamorig_LeftForeArm" index="0"]
transform = Transform3D(1, 0, 0, 0, 0, 1, 0, -1, 0, 0, 0, 0)
shape = SubResource("CapsuleShape3D_ugti0")

[node name="Physical Bone mixamorig_LeftHand" type="PhysicalBone3D" parent="Skeleton3D/PhysicalBoneSimulator3D" index="9"]
transform = Transform3D(-0.99745, 0.00961993, 0.0707192, 0.0424997, -0.715981, 0.696825, 0.057337, 0.698054, 0.713746, 0.0907832, 1.09539, 0.44945)
joint_type = 1
joint_offset = Transform3D(1, 0, 0, 0, 1, 0, 0, 0, 1, 1.89422e-05, 4.91806e-05, 0.0239967)
body_offset = Transform3D(-0.423882, 0.654109, 0.626471, -3.98967e-06, 0.691684, -0.722201, -0.905718, -0.306131, -0.29319, -0.0150574, 0.0172964, 0.0070678)
bone_name = "mixamorig_LeftHand"
joint_constraints/bias = 0.3
joint_constraints/damping = 1.0
joint_constraints/impulse_clamp = 0.0

[node name="CollisionShape3D" type="CollisionShape3D" parent="Skeleton3D/PhysicalBoneSimulator3D/Physical Bone mixamorig_LeftHand" index="0"]
transform = Transform3D(1, 0, 0, 0, 0, 1, 0, -1, 0, 0, 0, 0)
shape = SubResource("CapsuleShape3D_ftbih")

[node name="Physical Bone mixamorig_LeftHandThumb1" type="PhysicalBone3D" parent="Skeleton3D/PhysicalBoneSimulator3D" index="10"]
transform = Transform3D(-0.915764, 0.395433, 0.0707743, -0.238237, -0.676452, 0.69689, 0.323448, 0.621326, 0.713677, 0.0876873, 1.06523, 0.41866)
joint_type = 1
joint_offset = Transform3D(1, 0, 0, 0, 1, 0, 0, 0, 1, -2.52918e-05, -1.01639e-05, 0.0191606)
body_offset = Transform3D(6.76215e-05, 0.973602, 0.228255, -4.72069e-05, 0.228255, -0.973602, -1, 5.49406e-05, 6.12289e-05, -0.0043636, 0.0186571, -2.64645e-05)
bone_name = "mixamorig_LeftHandThumb1"
joint_constraints/bias = 0.3
joint_constraints/damping = 1.0
joint_constraints/impulse_clamp = 0.0

[node name="CollisionShape3D" type="CollisionShape3D" parent="Skeleton3D/PhysicalBoneSimulator3D/Physical Bone mixamorig_LeftHandThumb1" index="0"]
transform = Transform3D(1, 0, 0, 0, 0, 1, 0, -1, 0, 0, 0, 0)
shape = SubResource("CapsuleShape3D_mwvv0")

[node name="Physical Bone mixamorig_LeftHandThumb2" type="PhysicalBone3D" parent="Skeleton3D/PhysicalBoneSimulator3D" index="11"]
transform = Transform3D(-0.915389, 0.400333, -0.04239, -0.26135, -0.510877, 0.818964, 0.306202, 0.760749, 0.572278, 0.0870968, 1.0368, 0.394399)
joint_type = 1
joint_offset = Transform3D(1, 0, 0, 0, 1, 0, 0, 0, 1, -2.24794e-05, 6.64671e-06, 0.0183278)
body_offset = Transform3D(-0.00147907, 0.999911, 0.0133125, 5.4121e-05, 0.0133126, -0.999912, -0.999999, -0.0014784, -7.39098e-05, -0.000250667, 0.018326, -2.11149e-05)
bone_name = "mixamorig_LeftHandThumb2"
joint_constraints/bias = 0.3
joint_constraints/damping = 1.0
joint_constraints/impulse_clamp = 0.0

[node name="CollisionShape3D" type="CollisionShape3D" parent="Skeleton3D/PhysicalBoneSimulator3D/Physical Bone mixamorig_LeftHandThumb2" index="0"]
transform = Transform3D(1, 0, 0, 0, 0, 1, 0, -1, 0, 0, 0, 0)
shape = SubResource("CapsuleShape3D_qepbq")

[node name="Physical Bone mixamorig_LeftHandThumb3" type="PhysicalBone3D" parent="Skeleton3D/PhysicalBoneSimulator3D" index="12"]
transform = Transform3D(0.908763, -0.352725, -0.223013, 0.322514, 0.254491, 0.911712, -0.264829, -0.900455, 0.345031, 0.0915869, 1.00672, 0.378198)
joint_type = 1
joint_offset = Transform3D(1, 0, 0, 0, 1, 0, 0, 0, 1, -5.32646e-06, -6.36107e-06, 0.0165414)
body_offset = Transform3D(3.56883e-05, -0.960014, -0.279955, 2.29329e-05, 0.279955, -0.960013, 1, 2.79844e-05, 3.19481e-05, 0.00462475, 0.0158818, 4.79817e-06)
bone_name = "mixamorig_LeftHandThumb3"
joint_constraints/bias = 0.3
joint_constraints/damping = 1.0
joint_constraints/impulse_clamp = 0.0

[node name="CollisionShape3D" type="CollisionShape3D" parent="Skeleton3D/PhysicalBoneSimulator3D/Physical Bone mixamorig_LeftHandThumb3" index="0"]
transform = Transform3D(1, 0, 0, 0, 0, 1, 0, -1, 0, 0, 0, 0)
shape = SubResource("CapsuleShape3D_2wtmu")

[node name="Physical Bone mixamorig_LeftHandIndex1" type="PhysicalBone3D" parent="Skeleton3D/PhysicalBoneSimulator3D" index="13"]
transform = Transform3D(0.87083, -0.471644, 0.138591, -0.0986017, 0.108611, 0.989182, -0.481595, -0.875074, 0.048077, 0.0707066, 0.990749, 0.430574)
joint_type = 1
joint_offset = Transform3D(1, 0, 0, 0, 1, 0, 0, 0, 1, 4.86357e-06, 8.35011e-07, 0.017714)
body_offset = Transform3D(-0.000379682, -0.999793, -0.020347, -1.02036e-05, 0.0203469, -0.999793, 1, -0.000379235, -1.79745e-05, 0.000361264, 0.0177103, -4.54485e-06)
bone_name = "mixamorig_LeftHandIndex1"
joint_constraints/bias = 0.3
joint_constraints/damping = 1.0
joint_constraints/impulse_clamp = 0.0

[node name="CollisionShape3D" type="CollisionShape3D" parent="Skeleton3D/PhysicalBoneSimulator3D/Physical Bone mixamorig_LeftHandIndex1" index="0"]
transform = Transform3D(1, 0, 0, 0, 0, 1, 0, -1, 0, 0, 0, 0)
shape = SubResource("CapsuleShape3D_78way")

[node name="Physical Bone mixamorig_LeftHandIndex2" type="PhysicalBone3D" parent="Skeleton3D/PhysicalBoneSimulator3D" index="14"]
transform = Transform3D(-0.87632, 0.480456, -0.0349965, -0.109812, -0.128497, 0.985612, 0.469046, 0.867554, 0.165364, 0.0688149, 0.957724, 0.42712)
joint_type = 1
joint_offset = Transform3D(1, 0, 0, 0, 1, 0, 0, 0, 1, 2.03929e-06, -5.38033e-06, 0.0157539)
body_offset = Transform3D(0.0136574, 0.999906, 0.00132532, 1.53929e-05, 0.00132529, -0.999999, -0.999907, 0.0136571, 2.6226e-06, -1.5527e-05, 0.0157539, 2.07126e-06)
bone_name = "mixamorig_LeftHandIndex2"
joint_constraints/bias = 0.3
joint_constraints/damping = 1.0
joint_constraints/impulse_clamp = 0.0

[node name="CollisionShape3D" type="CollisionShape3D" parent="Skeleton3D/PhysicalBoneSimulator3D/Physical Bone mixamorig_LeftHandIndex2" index="0"]
transform = Transform3D(1, 0, 0, 0, 0, 1, 0, -1, 0, 0, 0, 0)
shape = SubResource("CapsuleShape3D_illtu")

[node name="Physical Bone mixamorig_LeftHandIndex3" type="PhysicalBone3D" parent="Skeleton3D/PhysicalBoneSimulator3D" index="15"]
transform = Transform3D(-0.855166, 0.473473, -0.210984, -0.31468, -0.150758, 0.937149, 0.411907, 0.867811, 0.277916, 0.0723907, 0.928616, 0.420487)
joint_type = 1
joint_offset = Transform3D(1, 0, 0, 0, 1, 0, 0, 0, 1, -1.9613e-05, 1.07392e-05, 0.0144554)
body_offset = Transform3D(-1.66595e-05, 0.999724, 0.0235108, -7.50273e-06, 0.0235108, -0.999724, -1, -1.70171e-05, 7.01845e-06, -0.000350595, 0.0144511, -1.97142e-05)
bone_name = "mixamorig_LeftHandIndex3"
joint_constraints/bias = 0.3
joint_constraints/damping = 1.0
joint_constraints/impulse_clamp = 0.0

[node name="CollisionShape3D" type="CollisionShape3D" parent="Skeleton3D/PhysicalBoneSimulator3D/Physical Bone mixamorig_LeftHandIndex3" index="0"]
transform = Transform3D(1, 0, 0, 0, 0, 1, 0, -1, 0, 0, 0, 0)
shape = SubResource("CapsuleShape3D_bemew")

[node name="Physical Bone mixamorig_LeftHandMiddle1" type="PhysicalBone3D" parent="Skeleton3D/PhysicalBoneSimulator3D" index="16"]
transform = Transform3D(0.856594, -0.4791, 0.191598, -0.213133, 0.00963936, 0.976976, -0.469915, -0.877708, -0.093855, 0.0802927, 0.989647, 0.455151)
joint_type = 1
joint_offset = Transform3D(1, 0, 0, 0, 1, 0, 0, 0, 1, -0.000217667, -0.000302029, 0.0217341)
body_offset = Transform3D(-0.000648111, -0.99975, -0.0223806, -1.13435e-05, 0.0223805, -0.99975, 1, -0.000647545, -2.58945e-05, 0.000184327, 0.0217354, 0.000218034)
bone_name = "mixamorig_LeftHandMiddle1"
joint_constraints/bias = 0.3
joint_constraints/damping = 1.0
joint_constraints/impulse_clamp = 0.0

[node name="CollisionShape3D" type="CollisionShape3D" parent="Skeleton3D/PhysicalBoneSimulator3D/Physical Bone mixamorig_LeftHandMiddle1" index="0"]
transform = Transform3D(1, 0, 0, 0, 0, 1, 0, -1, 0, 0, 0, 0)
shape = SubResource("CapsuleShape3D_lgcyv")

[node name="Physical Bone mixamorig_LeftHandMiddle2" type="PhysicalBone3D" parent="Skeleton3D/PhysicalBoneSimulator3D" index="17"]
transform = Transform3D(-0.874273, 0.475856, -0.0959563, -0.130709, -0.0403936, 0.990598, 0.467506, 0.878595, 0.0975139, 0.0790972, 0.957981, 0.45519)
joint_type = 1
joint_offset = Transform3D(1, 0, 0, 0, 1, 0, 0, 0, 1, -9.47739e-06, 9.2575e-06, 0.0174973)
body_offset = Transform3D(0.000930429, 0.999957, 0.00923616, 0.00018445, 0.00923606, -0.999958, -1, 0.000931829, -0.000175942, -0.000170857, 0.0174965, -6.4075e-06)
bone_name = "mixamorig_LeftHandMiddle2"
joint_constraints/bias = 0.3
joint_constraints/damping = 1.0
joint_constraints/impulse_clamp = 0.0

[node name="CollisionShape3D" type="CollisionShape3D" parent="Skeleton3D/PhysicalBoneSimulator3D/Physical Bone mixamorig_LeftHandMiddle2" index="0"]
transform = Transform3D(1, 0, 0, 0, 0, 1, 0, -1, 0, 0, 0, 0)
shape = SubResource("CapsuleShape3D_hfvlh")

[node name="Physical Bone mixamorig_LeftHandMiddle3" type="PhysicalBone3D" parent="Skeleton3D/PhysicalBoneSimulator3D" index="18"]
transform = Transform3D(-0.867272, 0.476309, -0.144803, -0.188891, -0.0457221, 0.980933, 0.460607, 0.878088, 0.129624, 0.0834478, 0.92418, 0.45116)
joint_type = 1
joint_offset = Transform3D(1, 0, 0, 0, 1, 0, 0, 0, 1, 0.000273348, 2.36462e-05, 0.0168364)
body_offset = Transform3D(3.8445e-06, 0.999893, 0.0146328, -9.79751e-07, 0.0146329, -0.999893, -1, 3.57628e-06, 9.27597e-07, -0.000270009, 0.0168343, 0.000273332)
bone_name = "mixamorig_LeftHandMiddle3"
joint_constraints/bias = 0.3
joint_constraints/damping = 1.0
joint_constraints/impulse_clamp = 0.0

[node name="CollisionShape3D" type="CollisionShape3D" parent="Skeleton3D/PhysicalBoneSimulator3D/Physical Bone mixamorig_LeftHandMiddle3" index="0"]
transform = Transform3D(1, 0, 0, 0, 0, 1, 0, -1, 0, 0, 0, 0)
shape = SubResource("CapsuleShape3D_mdo6b")

[node name="Physical Bone mixamorig_LeftHandRing1" type="PhysicalBone3D" parent="Skeleton3D/PhysicalBoneSimulator3D" index="19"]
transform = Transform3D(0.877933, -0.475311, -0.0575637, 0.0371372, -0.0522632, 0.997943, -0.477341, -0.878264, -0.0282319, 0.0927279, 0.993726, 0.475345)
joint_type = 1
joint_offset = Transform3D(1, 0, 0, 0, 1, 0, 0, 0, 1, -1.00054e-05, 2.99808e-09, 0.0162738)
body_offset = Transform3D(-0.000778824, -0.999879, -0.0155518, -4.19212e-05, 0.0155517, -0.99988, 1, -0.00077787, -5.4067e-05, 0.000253081, 0.0162718, 1.08853e-05)
bone_name = "mixamorig_LeftHandRing1"
joint_constraints/bias = 0.3
joint_constraints/damping = 1.0
joint_constraints/impulse_clamp = 0.0

[node name="CollisionShape3D" type="CollisionShape3D" parent="Skeleton3D/PhysicalBoneSimulator3D/Physical Bone mixamorig_LeftHandRing1" index="0"]
transform = Transform3D(1, 0, 0, 0, 0, 1, 0, -1, 0, 0, 0, 0)
shape = SubResource("CapsuleShape3D_e36il")

[node name="Physical Bone mixamorig_LeftHandRing2" type="PhysicalBone3D" parent="Skeleton3D/PhysicalBoneSimulator3D" index="20"]
transform = Transform3D(0.871786, -0.468877, -0.141926, 0.138501, -0.0419906, 0.989472, -0.4699, -0.882265, 0.0283332, 0.0957997, 0.962591, 0.475369)
joint_type = 1
joint_offset = Transform3D(1, 0, 0, 0, 1, 0, 0, 0, 1, -1.19758e-05, -8.10433e-06, 0.015081)
body_offset = Transform3D(0.00655961, -0.999959, -0.00625507, -1.50651e-05, 0.00625504, -0.999981, 0.999979, 0.00655976, 2.59178e-05, 8.63075e-05, 0.0150808, 1.16378e-05)
bone_name = "mixamorig_LeftHandRing2"
joint_constraints/bias = 0.3
joint_constraints/damping = 1.0
joint_constraints/impulse_clamp = 0.0

[node name="CollisionShape3D" type="CollisionShape3D" parent="Skeleton3D/PhysicalBoneSimulator3D/Physical Bone mixamorig_LeftHandRing2" index="0"]
transform = Transform3D(1, 0, 0, 0, 0, 1, 0, -1, 0, 0, 0, 0)
shape = SubResource("CapsuleShape3D_p0lk0")

[node name="Physical Bone mixamorig_LeftHandRing3" type="PhysicalBone3D" parent="Skeleton3D/PhysicalBoneSimulator3D" index="21"]
transform = Transform3D(-0.752601, 0.486411, -0.443843, -0.500399, 0.0156522, 0.865653, 0.42801, 0.87359, 0.23162, 0.104309, 0.934983, 0.471641)
joint_type = 1
joint_offset = Transform3D(1, 0, 0, 0, 1, 0, 0, 0, 1, -2.23232e-05, 6.77824e-07, 0.0143077)
body_offset = Transform3D(4.05312e-06, 0.999704, 0.0243316, -1.44392e-05, 0.0243316, -0.999704, -1, 3.54648e-06, 1.44914e-05, -0.000348806, 0.0143034, -2.25306e-05)
bone_name = "mixamorig_LeftHandRing3"
joint_constraints/bias = 0.3
joint_constraints/damping = 1.0
joint_constraints/impulse_clamp = 0.0

[node name="CollisionShape3D" type="CollisionShape3D" parent="Skeleton3D/PhysicalBoneSimulator3D/Physical Bone mixamorig_LeftHandRing3" index="0"]
transform = Transform3D(1, 0, 0, 0, 0, 1, 0, -1, 0, 0, 0, 0)
shape = SubResource("CapsuleShape3D_h78ss")

[node name="Physical Bone mixamorig_LeftHandPinky1" type="PhysicalBone3D" parent="Skeleton3D/PhysicalBoneSimulator3D" index="22"]
transform = Transform3D(0.876808, -0.475974, -0.0682309, 0.0458459, -0.0584991, 0.997234, -0.478649, -0.877512, -0.029471, 0.105902, 1.00336, 0.492857)
joint_type = 1
joint_offset = Transform3D(1, 0, 0, 0, 1, 0, 0, 0, 1, -0.000325421, 3.33013e-06, 0.0154297)
body_offset = Transform3D(-0.00166163, -0.999889, -0.0148269, -7.20099e-06, 0.0148268, -0.99989, 0.999999, -0.00166115, -3.18754e-05, 0.000231564, 0.015428, 0.000325918)
bone_name = "mixamorig_LeftHandPinky1"
joint_constraints/bias = 0.3
joint_constraints/damping = 1.0
joint_constraints/impulse_clamp = 0.0

[node name="CollisionShape3D" type="CollisionShape3D" parent="Skeleton3D/PhysicalBoneSimulator3D/Physical Bone mixamorig_LeftHandPinky1" index="0"]
transform = Transform3D(1, 0, 0, 0, 0, 1, 0, -1, 0, 0, 0, 0)
shape = SubResource("CapsuleShape3D_yd7k0")

[node name="Physical Bone mixamorig_LeftHandPinky2" type="PhysicalBone3D" parent="Skeleton3D/PhysicalBoneSimulator3D" index="23"]
transform = Transform3D(0.861109, -0.469463, -0.195181, 0.198267, -0.0434295, 0.979185, -0.468168, -0.881883, 0.0556815, 0.109237, 0.975389, 0.492713)
joint_type = 1
joint_offset = Transform3D(1, 0, 0, 0, 1, 0, 0, 0, 1, -7.55369e-05, -2.24795e-07, 0.0128401)
body_offset = Transform3D(0.00673327, -0.999977, -0.00115698, -1.70246e-06, 0.00115694, -1, 0.999978, 0.0067336, 6.02007e-06, 1.51396e-05, 0.0128401, 7.54595e-05)
bone_name = "mixamorig_LeftHandPinky2"
joint_constraints/bias = 0.3
joint_constraints/damping = 1.0
joint_constraints/impulse_clamp = 0.0

[node name="CollisionShape3D" type="CollisionShape3D" parent="Skeleton3D/PhysicalBoneSimulator3D/Physical Bone mixamorig_LeftHandPinky2" index="0"]
transform = Transform3D(1, 0, 0, 0, 0, 1, 0, -1, 0, 0, 0, 0)
shape = SubResource("CapsuleShape3D_7vrkg")

[node name="Physical Bone mixamorig_LeftHandPinky3" type="PhysicalBone3D" parent="Skeleton3D/PhysicalBoneSimulator3D" index="24"]
transform = Transform3D(-0.779231, 0.48367, -0.398576, -0.442697, 0.0253988, 0.896311, 0.443642, 0.874882, 0.194328, 0.116426, 0.952109, 0.489711)
joint_type = 1
joint_offset = Transform3D(1, 0, 0, 0, 1, 0, 0, 0, 1, -8.36049e-06, 7.43259e-06, 0.011943)
body_offset = Transform3D(-1.5974e-05, 0.999794, 0.0203389, -9.11951e-06, 0.0203389, -0.999794, -1, -1.63913e-05, 8.66503e-06, -0.00025034, 0.0119404, -8.46386e-06)
bone_name = "mixamorig_LeftHandPinky3"
joint_constraints/bias = 0.3
joint_constraints/damping = 1.0
joint_constraints/impulse_clamp = 0.0

[node name="CollisionShape3D" type="CollisionShape3D" parent="Skeleton3D/PhysicalBoneSimulator3D/Physical Bone mixamorig_LeftHandPinky3" index="0"]
transform = Transform3D(1, 0, 0, 0, 0, 1, 0, -1, 0, 0, 0, 0)
shape = SubResource("CapsuleShape3D_iv4h0")

[node name="Physical Bone mixamorig_RightShoulder" type="PhysicalBone3D" parent="Skeleton3D/PhysicalBoneSimulator3D" index="25"]
transform = Transform3D(-0.0328904, 0.285138, 0.957922, -0.368414, -0.894409, 0.253583, 0.92908, -0.344572, 0.134466, -0.129439, 1.43113, 0.151819)
joint_type = 1
joint_offset = Transform3D(1, 0, 0, 0, 1, 0, 0, 0, 1, -2.37463e-06, 2.19759e-06, 0.0683327)
body_offset = Transform3D(1, 9.53674e-07, -2.75671e-06, -2.82377e-06, 2.72691e-06, -1, -9.83477e-07, 1, 2.73064e-06, 2.563e-06, 0.0683327, -2.38419e-06)
bone_name = "mixamorig_RightShoulder"
joint_constraints/bias = 0.3
joint_constraints/damping = 1.0
joint_constraints/impulse_clamp = 0.0

[node name="CollisionShape3D" type="CollisionShape3D" parent="Skeleton3D/PhysicalBoneSimulator3D/Physical Bone mixamorig_RightShoulder" index="0"]
transform = Transform3D(1, 0, 0, 0, 0, 1, 0, -1, 0, 0, 0, 0)
shape = SubResource("CapsuleShape3D_sn1dy")

[node name="Physical Bone mixamorig_RightArm" type="PhysicalBone3D" parent="Skeleton3D/PhysicalBoneSimulator3D" index="26"]
transform = Transform3D(-0.105241, 0.151619, 0.982821, -0.386537, -0.916831, 0.100048, 0.91625, -0.369367, 0.155094, -0.327362, 1.40031, 0.121719)
joint_type = 1
joint_offset = Transform3D(1, 0, 0, 0, 1, 0, 0, 0, 1, 1.33147e-06, -8.78304e-06, 0.134775)
body_offset = Transform3D(1, 6.55651e-07, 1.17719e-06, 1.08778e-06, -1.22562e-06, -1, -7.15256e-07, 1, -1.16974e-06, -1.49012e-06, 0.134775, 8.9407e-06)
bone_name = "mixamorig_RightArm"
joint_constraints/bias = 0.3
joint_constraints/damping = 1.0
joint_constraints/impulse_clamp = 0.0

[node name="CollisionShape3D" type="CollisionShape3D" parent="Skeleton3D/PhysicalBoneSimulator3D/Physical Bone mixamorig_RightArm" index="0"]
transform = Transform3D(1, 0, 0, 0, 0, 1, 0, -1, 0, 0, 0, 0)
shape = SubResource("CapsuleShape3D_xek1q")

[node name="Physical Bone mixamorig_RightForeArm" type="PhysicalBone3D" parent="Skeleton3D/PhysicalBoneSimulator3D" index="27"]
transform = Transform3D(0.0634808, 0.055977, 0.996412, -0.363883, -0.928393, 0.0753386, 0.929279, -0.36736, -0.0385661, -0.5754, 1.37802, 0.105262)
joint_type = 1
joint_offset = Transform3D(1, 0, 0, 0, 1, 0, 0, 0, 1, 6.74879e-06, -7.45963e-05, 0.116002)
body_offset = Transform3D(1, 1.81794e-06, 9.12696e-07, 8.64267e-07, 6.86571e-06, -1, -1.87755e-06, 1, 6.9458e-06, -6.85453e-06, 0.116002, 7.37906e-05)
bone_name = "mixamorig_RightForeArm"
joint_constraints/bias = 0.3
joint_constraints/damping = 1.0
joint_constraints/impulse_clamp = 0.0

[node name="CollisionShape3D" type="CollisionShape3D" parent="Skeleton3D/PhysicalBoneSimulator3D/Physical Bone mixamorig_RightForeArm" index="0"]
transform = Transform3D(1, 0, 0, 0, 0, 1, 0, -1, 0, 0, 0, 0)
shape = SubResource("CapsuleShape3D_q7kfv")

[node name="Physical Bone mixamorig_RightHand" type="PhysicalBone3D" parent="Skeleton3D/PhysicalBoneSimulator3D" index="28"]
transform = Transform3D(0.136268, -0.800888, 0.583104, -0.49154, 0.456374, 0.741695, -0.860128, -0.387688, -0.331479, -0.7046, 1.35201, 0.117517)
joint_type = 1
joint_offset = Transform3D(1, 0, 0, 0, 1, 0, 0, 0, 1, 7.7812e-07, -2.87057e-06, 0.023378)
body_offset = Transform3D(-0.410947, -0.656357, -0.632707, 5.45755e-07, 0.694017, -0.719959, 0.911659, -0.295865, -0.285204, 0.0147899, 0.0168332, 0.00666595)
bone_name = "mixamorig_RightHand"
joint_constraints/bias = 0.3
joint_constraints/damping = 1.0
joint_constraints/impulse_clamp = 0.0

[node name="CollisionShape3D" type="CollisionShape3D" parent="Skeleton3D/PhysicalBoneSimulator3D/Physical Bone mixamorig_RightHand" index="0"]
transform = Transform3D(1, 0, 0, 0, 0, 1, 0, -1, 0, 0, 0, 0)
shape = SubResource("CapsuleShape3D_jhv7y")

[node name="Physical Bone mixamorig_RightHandThumb1" type="PhysicalBone3D" parent="Skeleton3D/PhysicalBoneSimulator3D" index="29"]
transform = Transform3D(0.422536, -0.693861, 0.583112, -0.625394, 0.242461, 0.741684, -0.656008, -0.678063, -0.331488, -0.729125, 1.32081, 0.131472)
joint_type = 1
joint_offset = Transform3D(1, 0, 0, 0, 1, 0, 0, 0, 1, 3.089e-06, 9.59787e-06, 0.0186985)
body_offset = Transform3D(3.8147e-05, -0.977258, -0.212055, -1.33365e-06, 0.212055, -0.977258, 1, 3.76105e-05, 6.91414e-06, 0.0039745, 0.0182713, -3.21865e-06)
bone_name = "mixamorig_RightHandThumb1"
joint_constraints/bias = 0.3
joint_constraints/damping = 1.0
joint_constraints/impulse_clamp = 0.0

[node name="CollisionShape3D" type="CollisionShape3D" parent="Skeleton3D/PhysicalBoneSimulator3D/Physical Bone mixamorig_RightHandThumb1" index="0"]
transform = Transform3D(1, 0, 0, 0, 0, 1, 0, -1, 0, 0, 0, 0)
shape = SubResource("CapsuleShape3D_t7t0d")

[node name="Physical Bone mixamorig_RightHandThumb2" type="PhysicalBone3D" parent="Skeleton3D/PhysicalBoneSimulator3D" index="30"]
transform = Transform3D(-0.472261, 0.543477, 0.693976, 0.596071, -0.383093, 0.705649, 0.649361, 0.746909, -0.143031, -0.752824, 1.29394, 0.140299)
joint_type = 1
joint_offset = Transform3D(1, 0, 0, 0, 1, 0, 0, 0, 1, -1.29097e-06, 5.88883e-07, 0.0184244)
body_offset = Transform3D(-0.0209195, 0.99978, 0.00174265, 7.01845e-06, 0.00174321, -0.999999, -0.999782, -0.0209195, -4.35039e-05, -3.27229e-05, 0.0184244, -4.76837e-07)
bone_name = "mixamorig_RightHandThumb2"
joint_constraints/bias = 0.3
joint_constraints/damping = 1.0
joint_constraints/impulse_clamp = 0.0

[node name="CollisionShape3D" type="CollisionShape3D" parent="Skeleton3D/PhysicalBoneSimulator3D/Physical Bone mixamorig_RightHandThumb2" index="0"]
transform = Transform3D(1, 0, 0, 0, 0, 1, 0, -1, 0, 0, 0, 0)
shape = SubResource("CapsuleShape3D_jtuui")

[node name="Physical Bone mixamorig_RightHandThumb3" type="PhysicalBone3D" parent="Skeleton3D/PhysicalBoneSimulator3D" index="31"]
transform = Transform3D(-0.453251, 0.373581, 0.809321, 0.595271, -0.548956, 0.586771, 0.663488, 0.74772, 0.0264331, -0.779039, 1.2712, 0.142483)
joint_type = 1
joint_offset = Transform3D(1, 0, 0, 0, 1, 0, 0, 0, 1, 6.66002e-06, 9.73865e-06, 0.0165977)
body_offset = Transform3D(0.000290006, 0.971567, 0.236765, 0.000116162, 0.236765, -0.971567, -1, 0.000309289, -4.42211e-05, -0.00393921, 0.0161235, 7.39098e-06)
bone_name = "mixamorig_RightHandThumb3"
joint_constraints/bias = 0.3
joint_constraints/damping = 1.0
joint_constraints/impulse_clamp = 0.0

[node name="CollisionShape3D" type="CollisionShape3D" parent="Skeleton3D/PhysicalBoneSimulator3D/Physical Bone mixamorig_RightHandThumb3" index="0"]
transform = Transform3D(1, 0, 0, 0, 0, 1, 0, -1, 0, 0, 0, 0)
shape = SubResource("CapsuleShape3D_0pqar")

[node name="Physical Bone mixamorig_RightHandIndex1" type="PhysicalBone3D" parent="Skeleton3D/PhysicalBoneSimulator3D" index="32"]
transform = Transform3D(-0.129292, 0.152363, 0.979831, 0.810592, -0.552915, 0.192939, 0.57116, 0.819189, -0.0520167, -0.805972, 1.32213, 0.135019)
joint_type = 1
joint_offset = Transform3D(1, 0, 0, 0, 1, 0, 0, 0, 1, -2.63058e-05, -3.46409e-06, 0.0181453)
body_offset = Transform3D(-0.00051868, 0.999799, 0.0200339, 7.7486e-07, 0.0200338, -0.999799, -1, -0.00051859, -1.1066e-05, -0.000360072, 0.0181417, -2.61068e-05)
bone_name = "mixamorig_RightHandIndex1"
joint_constraints/bias = 0.3
joint_constraints/damping = 1.0
joint_constraints/impulse_clamp = 0.0

[node name="CollisionShape3D" type="CollisionShape3D" parent="Skeleton3D/PhysicalBoneSimulator3D/Physical Bone mixamorig_RightHandIndex1" index="0"]
transform = Transform3D(1, 0, 0, 0, 0, 1, 0, -1, 0, 0, 0, 0)
shape = SubResource("CapsuleShape3D_rp714")

[node name="Physical Bone mixamorig_RightHandIndex2" type="PhysicalBone3D" parent="Skeleton3D/PhysicalBoneSimulator3D" index="33"]
transform = Transform3D(0.321759, -0.170215, 0.931396, -0.759534, 0.540934, 0.361245, -0.565313, -0.823661, 0.0447662, -0.838921, 1.31272, 0.135219)
joint_type = 1
joint_offset = Transform3D(1, 0, 0, 0, 1, 0, 0, 0, 1, 1.2792e-05, 6.88118e-07, 0.0163495)
body_offset = Transform3D(0.0103601, -0.999945, -0.00162115, -4.87827e-06, 0.00162125, -0.999999, 0.999947, 0.01036, 1.1947e-05, 2.70605e-05, 0.0163495, -1.29938e-05)
bone_name = "mixamorig_RightHandIndex2"
joint_constraints/bias = 0.3
joint_constraints/damping = 1.0
joint_constraints/impulse_clamp = 0.0

[node name="CollisionShape3D" type="CollisionShape3D" parent="Skeleton3D/PhysicalBoneSimulator3D/Physical Bone mixamorig_RightHandIndex2" index="0"]
transform = Transform3D(1, 0, 0, 0, 0, 1, 0, -1, 0, 0, 0, 0)
shape = SubResource("CapsuleShape3D_wa5pj")

[node name="Physical Bone mixamorig_RightHandIndex3" type="PhysicalBone3D" parent="Skeleton3D/PhysicalBoneSimulator3D" index="34"]
transform = Transform3D(0.491488, -0.191069, 0.849666, -0.671501, 0.538108, 0.509436, -0.55455, -0.820934, 0.136171, -0.86693, 1.29914, 0.132425)
joint_type = 1
joint_offset = Transform3D(1, 0, 0, 0, 1, 0, 0, 0, 1, -3.76143e-06, -2.84609e-06, 0.0150531)
body_offset = Transform3D(-1.69873e-06, -0.99975, -0.022351, -3.56138e-06, 0.0223512, -0.99975, 1, -1.54972e-06, -3.53903e-06, 0.000333607, 0.0150494, 3.8147e-06)
bone_name = "mixamorig_RightHandIndex3"
joint_constraints/bias = 0.3
joint_constraints/damping = 1.0
joint_constraints/impulse_clamp = 0.0

[node name="CollisionShape3D" type="CollisionShape3D" parent="Skeleton3D/PhysicalBoneSimulator3D/Physical Bone mixamorig_RightHandIndex3" index="0"]
transform = Transform3D(1, 0, 0, 0, 0, 1, 0, -1, 0, 0, 0, 0)
shape = SubResource("CapsuleShape3D_qgs3x")

[node name="Physical Bone mixamorig_RightHandMiddle1" type="PhysicalBone3D" parent="Skeleton3D/PhysicalBoneSimulator3D" index="35"]
transform = Transform3D(0.00661208, 0.0702356, 0.997509, 0.822231, -0.568104, 0.0345506, 0.569115, 0.819954, -0.0615062, -0.806629, 1.3395, 0.11542)
joint_type = 1
joint_offset = Transform3D(1, 0, 0, 0, 1, 0, 0, 0, 1, -5.44769e-05, 1.40408e-05, 0.017835)
body_offset = Transform3D(-0.000936627, 0.999653, 0.0263272, 1.34856e-06, 0.0263271, -0.999654, -1, -0.000936359, -2.59019e-05, -0.000483632, 0.0178285, -5.40018e-05)
bone_name = "mixamorig_RightHandMiddle1"
joint_constraints/bias = 0.3
joint_constraints/damping = 1.0
joint_constraints/impulse_clamp = 0.0

[node name="CollisionShape3D" type="CollisionShape3D" parent="Skeleton3D/PhysicalBoneSimulator3D/Physical Bone mixamorig_RightHandMiddle1" index="0"]
transform = Transform3D(1, 0, 0, 0, 0, 1, 0, -1, 0, 0, 0, 0)
shape = SubResource("CapsuleShape3D_v5tqh")

[node name="Physical Bone mixamorig_RightHandMiddle2" type="PhysicalBone3D" parent="Skeleton3D/PhysicalBoneSimulator3D" index="36"]
transform = Transform3D(0.346334, -0.10439, 0.932285, -0.751913, 0.563368, 0.34241, -0.560963, -0.819585, 0.116621, -0.841145, 1.33269, 0.114405)
joint_type = 1
joint_offset = Transform3D(1, 0, 0, 0, 1, 0, 0, 0, 1, -8.94477e-06, -1.14497e-07, 0.0179152)
body_offset = Transform3D(0.00172409, -0.999957, -0.00913496, -8.9258e-06, 0.00913507, -0.999958, 0.999999, 0.00172409, 6.89179e-06, 0.000163555, 0.0179144, 8.82149e-06)
bone_name = "mixamorig_RightHandMiddle2"
joint_constraints/bias = 0.3
joint_constraints/damping = 1.0
joint_constraints/impulse_clamp = 0.0

